(kicad_pcb (version 20171130) (host pcbnew "(5.0.2)-1")

  (general
    (thickness 1.6)
    (drawings 9)
    (tracks 173)
    (zones 0)
    (modules 19)
    (nets 14)
  )

  (page A4)
  (layers
    (0 F.Cu signal)
    (31 B.Cu signal)
    (32 B.Adhes user)
    (33 F.Adhes user)
    (34 B.Paste user)
    (35 F.Paste user)
    (36 B.SilkS user)
    (37 F.SilkS user)
    (38 B.Mask user)
    (39 F.Mask user)
    (40 Dwgs.User user)
    (41 Cmts.User user)
    (42 Eco1.User user)
    (43 Eco2.User user)
    (44 Edge.Cuts user)
    (45 Margin user)
    (46 B.CrtYd user)
    (47 F.CrtYd user)
    (48 B.Fab user)
    (49 F.Fab user hide)
  )

  (setup
    (last_trace_width 0.25)
    (user_trace_width 0.25)
    (user_trace_width 0.3)
    (user_trace_width 0.4)
    (user_trace_width 0.5)
    (user_trace_width 0.65)
    (user_trace_width 0.8)
    (trace_clearance 0.2)
    (zone_clearance 0.15)
    (zone_45_only no)
    (trace_min 0.2)
    (segment_width 0.2)
    (edge_width 0.15)
    (via_size 0.6)
    (via_drill 0.4)
    (via_min_size 0.4)
    (via_min_drill 0.3)
    (uvia_size 0.3)
    (uvia_drill 0.1)
    (uvias_allowed no)
    (uvia_min_size 0.2)
    (uvia_min_drill 0.1)
    (pcb_text_width 0.3)
    (pcb_text_size 1.5 1.5)
    (mod_edge_width 0.15)
    (mod_text_size 1 1)
    (mod_text_width 0.15)
    (pad_size 1.524 1.524)
    (pad_drill 0.762)
    (pad_to_mask_clearance 0.051)
    (solder_mask_min_width 0.25)
    (aux_axis_origin 0 0)
    (visible_elements 7FFFFFFF)
    (pcbplotparams
      (layerselection 0x010f0_ffffffff)
      (usegerberextensions false)
      (usegerberattributes false)
      (usegerberadvancedattributes false)
      (creategerberjobfile false)
      (excludeedgelayer true)
      (linewidth 0.100000)
      (plotframeref false)
      (viasonmask false)
      (mode 1)
      (useauxorigin false)
      (hpglpennumber 1)
      (hpglpenspeed 20)
      (hpglpendiameter 15.000000)
      (psnegative false)
      (psa4output false)
      (plotreference true)
      (plotvalue true)
      (plotinvisibletext false)
      (padsonsilk false)
      (subtractmaskfromsilk false)
      (outputformat 1)
      (mirror false)
      (drillshape 0)
      (scaleselection 1)
      (outputdirectory "Gerber/"))
  )

  (net 0 "")
  (net 1 GND)
  (net 2 "Net-(1CByp1-Pad2)")
  (net 3 /+5V)
  (net 4 "Net-(1R1-Pad2)")
  (net 5 "Net-(2Cadj1-Pad2)")
  (net 6 "Net-(2CByp1-Pad1)")
  (net 7 "Net-(CFly1-Pad1)")
  (net 8 "Net-(CFly1-Pad2)")
  (net 9 +9V)
  (net 10 "Net-(U1-Pad8)")
  (net 11 "Net-(U1-Pad9)")
  (net 12 /-5V)
  (net 13 "Net-(2Creg1-Pad1)")

  (net_class Default "This is the default net class."
    (clearance 0.2)
    (trace_width 0.25)
    (via_dia 0.6)
    (via_drill 0.4)
    (uvia_dia 0.3)
    (uvia_drill 0.1)
    (add_net +9V)
    (add_net /+5V)
    (add_net /-5V)
    (add_net GND)
    (add_net "Net-(1CByp1-Pad2)")
    (add_net "Net-(1R1-Pad2)")
    (add_net "Net-(2CByp1-Pad1)")
    (add_net "Net-(2Cadj1-Pad2)")
    (add_net "Net-(2Creg1-Pad1)")
    (add_net "Net-(CFly1-Pad1)")
    (add_net "Net-(CFly1-Pad2)")
    (add_net "Net-(U1-Pad8)")
    (add_net "Net-(U1-Pad9)")
  )

  (module Capacitor_SMD:C_0805_2012Metric_Pad1.15x1.40mm_HandSolder (layer F.Cu) (tedit 5CEF3D29) (tstamp 5CFC05C4)
    (at 89.83472 79.747 270)
    (descr "Capacitor SMD 0805 (2012 Metric), square (rectangular) end terminal, IPC_7351 nominal with elongated pad for handsoldering. (Body size source: https://docs.google.com/spreadsheets/d/1BsfQQcO9C6DZCsRaXUlFlo91Tg2WpOkGARC1WS5S8t0/edit?usp=sharing), generated with kicad-footprint-generator")
    (tags "capacitor handsolder")
    (path /5CEF22AE)
    (attr smd)
    (fp_text reference 1CByp1 (at -0.009 -1.27 270) (layer F.SilkS)
      (effects (font (size 0.5 0.5) (thickness 0.07)))
    )
    (fp_text value 10nF (at 0 1.65 270) (layer F.Fab)
      (effects (font (size 1 1) (thickness 0.15)))
    )
    (fp_line (start -1 0.6) (end -1 -0.6) (layer F.Fab) (width 0.1))
    (fp_line (start -1 -0.6) (end 1 -0.6) (layer F.Fab) (width 0.1))
    (fp_line (start 1 -0.6) (end 1 0.6) (layer F.Fab) (width 0.1))
    (fp_line (start 1 0.6) (end -1 0.6) (layer F.Fab) (width 0.1))
    (fp_line (start -0.261252 -0.71) (end 0.261252 -0.71) (layer F.SilkS) (width 0.12))
    (fp_line (start -0.261252 0.71) (end 0.261252 0.71) (layer F.SilkS) (width 0.12))
    (fp_line (start -1.85 0.95) (end -1.85 -0.95) (layer F.CrtYd) (width 0.05))
    (fp_line (start -1.85 -0.95) (end 1.85 -0.95) (layer F.CrtYd) (width 0.05))
    (fp_line (start 1.85 -0.95) (end 1.85 0.95) (layer F.CrtYd) (width 0.05))
    (fp_line (start 1.85 0.95) (end -1.85 0.95) (layer F.CrtYd) (width 0.05))
    (fp_text user %R (at 0 0 270) (layer F.Fab)
      (effects (font (size 0.5 0.5) (thickness 0.08)))
    )
    (pad 1 smd roundrect (at -1.025 0 270) (size 1.15 1.4) (layers F.Cu F.Paste F.Mask) (roundrect_rratio 0.217391)
      (net 1 GND))
    (pad 2 smd roundrect (at 1.025 0 270) (size 1.15 1.4) (layers F.Cu F.Paste F.Mask) (roundrect_rratio 0.217391)
      (net 2 "Net-(1CByp1-Pad2)"))
    (model ${KISYS3DMOD}/Capacitor_SMD.3dshapes/C_0805_2012Metric.wrl
      (at (xyz 0 0 0))
      (scale (xyz 1 1 1))
      (rotate (xyz 0 0 0))
    )
  )

  (module Capacitor_SMD:C_0805_2012Metric_Pad1.15x1.40mm_HandSolder (layer F.Cu) (tedit 5CEF3D87) (tstamp 5CFC05D5)
    (at 84.24672 85.589 270)
    (descr "Capacitor SMD 0805 (2012 Metric), square (rectangular) end terminal, IPC_7351 nominal with elongated pad for handsoldering. (Body size source: https://docs.google.com/spreadsheets/d/1BsfQQcO9C6DZCsRaXUlFlo91Tg2WpOkGARC1WS5S8t0/edit?usp=sharing), generated with kicad-footprint-generator")
    (tags "capacitor handsolder")
    (path /5CEF7606)
    (attr smd)
    (fp_text reference 1Cout1 (at -0.009 1.27 270) (layer F.SilkS)
      (effects (font (size 0.5 0.5) (thickness 0.07)))
    )
    (fp_text value 10uF (at 0 1.65 270) (layer F.Fab)
      (effects (font (size 1 1) (thickness 0.15)))
    )
    (fp_line (start -1 0.6) (end -1 -0.6) (layer F.Fab) (width 0.1))
    (fp_line (start -1 -0.6) (end 1 -0.6) (layer F.Fab) (width 0.1))
    (fp_line (start 1 -0.6) (end 1 0.6) (layer F.Fab) (width 0.1))
    (fp_line (start 1 0.6) (end -1 0.6) (layer F.Fab) (width 0.1))
    (fp_line (start -0.261252 -0.71) (end 0.261252 -0.71) (layer F.SilkS) (width 0.12))
    (fp_line (start -0.261252 0.71) (end 0.261252 0.71) (layer F.SilkS) (width 0.12))
    (fp_line (start -1.85 0.95) (end -1.85 -0.95) (layer F.CrtYd) (width 0.05))
    (fp_line (start -1.85 -0.95) (end 1.85 -0.95) (layer F.CrtYd) (width 0.05))
    (fp_line (start 1.85 -0.95) (end 1.85 0.95) (layer F.CrtYd) (width 0.05))
    (fp_line (start 1.85 0.95) (end -1.85 0.95) (layer F.CrtYd) (width 0.05))
    (fp_text user %R (at 0 0 270) (layer F.Fab)
      (effects (font (size 0.5 0.5) (thickness 0.08)))
    )
    (pad 1 smd roundrect (at -1.025 0 270) (size 1.15 1.4) (layers F.Cu F.Paste F.Mask) (roundrect_rratio 0.217391)
      (net 3 /+5V))
    (pad 2 smd roundrect (at 1.025 0 270) (size 1.15 1.4) (layers F.Cu F.Paste F.Mask) (roundrect_rratio 0.217391)
      (net 1 GND))
    (model ${KISYS3DMOD}/Capacitor_SMD.3dshapes/C_0805_2012Metric.wrl
      (at (xyz 0 0 0))
      (scale (xyz 1 1 1))
      (rotate (xyz 0 0 0))
    )
  )

  (module Resistor_SMD:R_0805_2012Metric_Pad1.15x1.40mm_HandSolder (layer F.Cu) (tedit 5CEF3B48) (tstamp 5CFC05E6)
    (at 87.79372 86.36)
    (descr "Resistor SMD 0805 (2012 Metric), square (rectangular) end terminal, IPC_7351 nominal with elongated pad for handsoldering. (Body size source: https://docs.google.com/spreadsheets/d/1BsfQQcO9C6DZCsRaXUlFlo91Tg2WpOkGARC1WS5S8t0/edit?usp=sharing), generated with kicad-footprint-generator")
    (tags "resistor handsolder")
    (path /5CEF3041)
    (attr smd)
    (fp_text reference 1R1 (at 2.295 0 90) (layer F.SilkS)
      (effects (font (size 0.5 0.5) (thickness 0.08)))
    )
    (fp_text value 100K (at 0 1.65) (layer F.Fab)
      (effects (font (size 1 1) (thickness 0.15)))
    )
    (fp_line (start -1 0.6) (end -1 -0.6) (layer F.Fab) (width 0.1))
    (fp_line (start -1 -0.6) (end 1 -0.6) (layer F.Fab) (width 0.1))
    (fp_line (start 1 -0.6) (end 1 0.6) (layer F.Fab) (width 0.1))
    (fp_line (start 1 0.6) (end -1 0.6) (layer F.Fab) (width 0.1))
    (fp_line (start -0.261252 -0.71) (end 0.261252 -0.71) (layer F.SilkS) (width 0.12))
    (fp_line (start -0.261252 0.71) (end 0.261252 0.71) (layer F.SilkS) (width 0.12))
    (fp_line (start -1.85 0.95) (end -1.85 -0.95) (layer F.CrtYd) (width 0.05))
    (fp_line (start -1.85 -0.95) (end 1.85 -0.95) (layer F.CrtYd) (width 0.05))
    (fp_line (start 1.85 -0.95) (end 1.85 0.95) (layer F.CrtYd) (width 0.05))
    (fp_line (start 1.85 0.95) (end -1.85 0.95) (layer F.CrtYd) (width 0.05))
    (fp_text user %R (at 0 0) (layer F.Fab)
      (effects (font (size 0.5 0.5) (thickness 0.08)))
    )
    (pad 1 smd roundrect (at -1.025 0) (size 1.15 1.4) (layers F.Cu F.Paste F.Mask) (roundrect_rratio 0.217391)
      (net 1 GND))
    (pad 2 smd roundrect (at 1.025 0) (size 1.15 1.4) (layers F.Cu F.Paste F.Mask) (roundrect_rratio 0.217391)
      (net 4 "Net-(1R1-Pad2)"))
    (model ${KISYS3DMOD}/Resistor_SMD.3dshapes/R_0805_2012Metric.wrl
      (at (xyz 0 0 0))
      (scale (xyz 1 1 1))
      (rotate (xyz 0 0 0))
    )
  )

  (module Resistor_SMD:R_0805_2012Metric_Pad1.15x1.40mm_HandSolder (layer F.Cu) (tedit 5CEF3B42) (tstamp 5CFC05F7)
    (at 87.81172 83.82 180)
    (descr "Resistor SMD 0805 (2012 Metric), square (rectangular) end terminal, IPC_7351 nominal with elongated pad for handsoldering. (Body size source: https://docs.google.com/spreadsheets/d/1BsfQQcO9C6DZCsRaXUlFlo91Tg2WpOkGARC1WS5S8t0/edit?usp=sharing), generated with kicad-footprint-generator")
    (tags "resistor handsolder")
    (path /5CEF3A4E)
    (attr smd)
    (fp_text reference 1R2 (at -2.295 0 270) (layer F.SilkS)
      (effects (font (size 0.5 0.5) (thickness 0.08)))
    )
    (fp_text value 316K (at 0 1.65 180) (layer F.Fab)
      (effects (font (size 1 1) (thickness 0.15)))
    )
    (fp_text user %R (at 0 0 180) (layer F.Fab)
      (effects (font (size 0.5 0.5) (thickness 0.08)))
    )
    (fp_line (start 1.85 0.95) (end -1.85 0.95) (layer F.CrtYd) (width 0.05))
    (fp_line (start 1.85 -0.95) (end 1.85 0.95) (layer F.CrtYd) (width 0.05))
    (fp_line (start -1.85 -0.95) (end 1.85 -0.95) (layer F.CrtYd) (width 0.05))
    (fp_line (start -1.85 0.95) (end -1.85 -0.95) (layer F.CrtYd) (width 0.05))
    (fp_line (start -0.261252 0.71) (end 0.261252 0.71) (layer F.SilkS) (width 0.12))
    (fp_line (start -0.261252 -0.71) (end 0.261252 -0.71) (layer F.SilkS) (width 0.12))
    (fp_line (start 1 0.6) (end -1 0.6) (layer F.Fab) (width 0.1))
    (fp_line (start 1 -0.6) (end 1 0.6) (layer F.Fab) (width 0.1))
    (fp_line (start -1 -0.6) (end 1 -0.6) (layer F.Fab) (width 0.1))
    (fp_line (start -1 0.6) (end -1 -0.6) (layer F.Fab) (width 0.1))
    (pad 2 smd roundrect (at 1.025 0 180) (size 1.15 1.4) (layers F.Cu F.Paste F.Mask) (roundrect_rratio 0.217391)
      (net 3 /+5V))
    (pad 1 smd roundrect (at -1.025 0 180) (size 1.15 1.4) (layers F.Cu F.Paste F.Mask) (roundrect_rratio 0.217391)
      (net 4 "Net-(1R1-Pad2)"))
    (model ${KISYS3DMOD}/Resistor_SMD.3dshapes/R_0805_2012Metric.wrl
      (at (xyz 0 0 0))
      (scale (xyz 1 1 1))
      (rotate (xyz 0 0 0))
    )
  )

  (module Capacitor_SMD:C_0805_2012Metric_Pad1.15x1.40mm_HandSolder (layer F.Cu) (tedit 5CEF3EE0) (tstamp 5CFC0608)
    (at 84.24672 70.875 90)
    (descr "Capacitor SMD 0805 (2012 Metric), square (rectangular) end terminal, IPC_7351 nominal with elongated pad for handsoldering. (Body size source: https://docs.google.com/spreadsheets/d/1BsfQQcO9C6DZCsRaXUlFlo91Tg2WpOkGARC1WS5S8t0/edit?usp=sharing), generated with kicad-footprint-generator")
    (tags "capacitor handsolder")
    (path /5CEF6DD2)
    (attr smd)
    (fp_text reference 2Cadj1 (at 2.277 0 180) (layer F.SilkS)
      (effects (font (size 0.5 0.5) (thickness 0.07)))
    )
    (fp_text value 10pF (at 0 1.65 90) (layer F.Fab)
      (effects (font (size 1 1) (thickness 0.15)))
    )
    (fp_text user %R (at 0 0 90) (layer F.Fab)
      (effects (font (size 0.5 0.5) (thickness 0.08)))
    )
    (fp_line (start 1.85 0.95) (end -1.85 0.95) (layer F.CrtYd) (width 0.05))
    (fp_line (start 1.85 -0.95) (end 1.85 0.95) (layer F.CrtYd) (width 0.05))
    (fp_line (start -1.85 -0.95) (end 1.85 -0.95) (layer F.CrtYd) (width 0.05))
    (fp_line (start -1.85 0.95) (end -1.85 -0.95) (layer F.CrtYd) (width 0.05))
    (fp_line (start -0.261252 0.71) (end 0.261252 0.71) (layer F.SilkS) (width 0.12))
    (fp_line (start -0.261252 -0.71) (end 0.261252 -0.71) (layer F.SilkS) (width 0.12))
    (fp_line (start 1 0.6) (end -1 0.6) (layer F.Fab) (width 0.1))
    (fp_line (start 1 -0.6) (end 1 0.6) (layer F.Fab) (width 0.1))
    (fp_line (start -1 -0.6) (end 1 -0.6) (layer F.Fab) (width 0.1))
    (fp_line (start -1 0.6) (end -1 -0.6) (layer F.Fab) (width 0.1))
    (pad 2 smd roundrect (at 1.025 0 90) (size 1.15 1.4) (layers F.Cu F.Paste F.Mask) (roundrect_rratio 0.217391)
      (net 5 "Net-(2Cadj1-Pad2)"))
    (pad 1 smd roundrect (at -1.025 0 90) (size 1.15 1.4) (layers F.Cu F.Paste F.Mask) (roundrect_rratio 0.217391)
      (net 12 /-5V))
    (model ${KISYS3DMOD}/Capacitor_SMD.3dshapes/C_0805_2012Metric.wrl
      (at (xyz 0 0 0))
      (scale (xyz 1 1 1))
      (rotate (xyz 0 0 0))
    )
  )

  (module Capacitor_SMD:C_0805_2012Metric_Pad1.15x1.40mm_HandSolder (layer F.Cu) (tedit 5CEF3D6A) (tstamp 5CFC0619)
    (at 89.83472 75.429 270)
    (descr "Capacitor SMD 0805 (2012 Metric), square (rectangular) end terminal, IPC_7351 nominal with elongated pad for handsoldering. (Body size source: https://docs.google.com/spreadsheets/d/1BsfQQcO9C6DZCsRaXUlFlo91Tg2WpOkGARC1WS5S8t0/edit?usp=sharing), generated with kicad-footprint-generator")
    (tags "capacitor handsolder")
    (path /5CEF1EFE)
    (attr smd)
    (fp_text reference 2CByp1 (at -0.245 -1.35128 270) (layer F.SilkS)
      (effects (font (size 0.5 0.5) (thickness 0.07)))
    )
    (fp_text value 10nF (at 0 1.65 270) (layer F.Fab)
      (effects (font (size 1 1) (thickness 0.15)))
    )
    (fp_text user %R (at 0 0 270) (layer F.Fab)
      (effects (font (size 0.5 0.5) (thickness 0.08)))
    )
    (fp_line (start 1.85 0.95) (end -1.85 0.95) (layer F.CrtYd) (width 0.05))
    (fp_line (start 1.85 -0.95) (end 1.85 0.95) (layer F.CrtYd) (width 0.05))
    (fp_line (start -1.85 -0.95) (end 1.85 -0.95) (layer F.CrtYd) (width 0.05))
    (fp_line (start -1.85 0.95) (end -1.85 -0.95) (layer F.CrtYd) (width 0.05))
    (fp_line (start -0.261252 0.71) (end 0.261252 0.71) (layer F.SilkS) (width 0.12))
    (fp_line (start -0.261252 -0.71) (end 0.261252 -0.71) (layer F.SilkS) (width 0.12))
    (fp_line (start 1 0.6) (end -1 0.6) (layer F.Fab) (width 0.1))
    (fp_line (start 1 -0.6) (end 1 0.6) (layer F.Fab) (width 0.1))
    (fp_line (start -1 -0.6) (end 1 -0.6) (layer F.Fab) (width 0.1))
    (fp_line (start -1 0.6) (end -1 -0.6) (layer F.Fab) (width 0.1))
    (pad 2 smd roundrect (at 1.025 0 270) (size 1.15 1.4) (layers F.Cu F.Paste F.Mask) (roundrect_rratio 0.217391)
      (net 1 GND))
    (pad 1 smd roundrect (at -1.025 0 270) (size 1.15 1.4) (layers F.Cu F.Paste F.Mask) (roundrect_rratio 0.217391)
      (net 6 "Net-(2CByp1-Pad1)"))
    (model ${KISYS3DMOD}/Capacitor_SMD.3dshapes/C_0805_2012Metric.wrl
      (at (xyz 0 0 0))
      (scale (xyz 1 1 1))
      (rotate (xyz 0 0 0))
    )
  )

  (module Capacitor_SMD:C_0805_2012Metric_Pad1.15x1.40mm_HandSolder (layer F.Cu) (tedit 5CEF3EE8) (tstamp 5CFC062A)
    (at 81.70672 70.857 270)
    (descr "Capacitor SMD 0805 (2012 Metric), square (rectangular) end terminal, IPC_7351 nominal with elongated pad for handsoldering. (Body size source: https://docs.google.com/spreadsheets/d/1BsfQQcO9C6DZCsRaXUlFlo91Tg2WpOkGARC1WS5S8t0/edit?usp=sharing), generated with kicad-footprint-generator")
    (tags "capacitor handsolder")
    (path /5CEF7C03)
    (attr smd)
    (fp_text reference 2Cout1 (at -2.295 0.254) (layer F.SilkS)
      (effects (font (size 0.5 0.5) (thickness 0.07)))
    )
    (fp_text value 10uF (at 0 1.65 270) (layer F.Fab)
      (effects (font (size 1 1) (thickness 0.15)))
    )
    (fp_text user %R (at 0 0 270) (layer F.Fab)
      (effects (font (size 0.5 0.5) (thickness 0.08)))
    )
    (fp_line (start 1.85 0.95) (end -1.85 0.95) (layer F.CrtYd) (width 0.05))
    (fp_line (start 1.85 -0.95) (end 1.85 0.95) (layer F.CrtYd) (width 0.05))
    (fp_line (start -1.85 -0.95) (end 1.85 -0.95) (layer F.CrtYd) (width 0.05))
    (fp_line (start -1.85 0.95) (end -1.85 -0.95) (layer F.CrtYd) (width 0.05))
    (fp_line (start -0.261252 0.71) (end 0.261252 0.71) (layer F.SilkS) (width 0.12))
    (fp_line (start -0.261252 -0.71) (end 0.261252 -0.71) (layer F.SilkS) (width 0.12))
    (fp_line (start 1 0.6) (end -1 0.6) (layer F.Fab) (width 0.1))
    (fp_line (start 1 -0.6) (end 1 0.6) (layer F.Fab) (width 0.1))
    (fp_line (start -1 -0.6) (end 1 -0.6) (layer F.Fab) (width 0.1))
    (fp_line (start -1 0.6) (end -1 -0.6) (layer F.Fab) (width 0.1))
    (pad 2 smd roundrect (at 1.025 0 270) (size 1.15 1.4) (layers F.Cu F.Paste F.Mask) (roundrect_rratio 0.217391)
      (net 12 /-5V))
    (pad 1 smd roundrect (at -1.025 0 270) (size 1.15 1.4) (layers F.Cu F.Paste F.Mask) (roundrect_rratio 0.217391)
      (net 1 GND))
    (model ${KISYS3DMOD}/Capacitor_SMD.3dshapes/C_0805_2012Metric.wrl
      (at (xyz 0 0 0))
      (scale (xyz 1 1 1))
      (rotate (xyz 0 0 0))
    )
  )

  (module Resistor_SMD:R_0805_2012Metric_Pad1.15x1.40mm_HandSolder (layer F.Cu) (tedit 5CEF3EC9) (tstamp 5CFC063B)
    (at 87.80272 69.342 180)
    (descr "Resistor SMD 0805 (2012 Metric), square (rectangular) end terminal, IPC_7351 nominal with elongated pad for handsoldering. (Body size source: https://docs.google.com/spreadsheets/d/1BsfQQcO9C6DZCsRaXUlFlo91Tg2WpOkGARC1WS5S8t0/edit?usp=sharing), generated with kicad-footprint-generator")
    (tags "resistor handsolder")
    (path /5CEF470C)
    (attr smd)
    (fp_text reference 2R1 (at -2.277 0 270) (layer F.SilkS)
      (effects (font (size 0.5 0.5) (thickness 0.07)))
    )
    (fp_text value 100K (at 0 1.65 180) (layer F.Fab)
      (effects (font (size 1 1) (thickness 0.15)))
    )
    (fp_text user %R (at 0 0 180) (layer F.Fab)
      (effects (font (size 0.5 0.5) (thickness 0.08)))
    )
    (fp_line (start 1.85 0.95) (end -1.85 0.95) (layer F.CrtYd) (width 0.05))
    (fp_line (start 1.85 -0.95) (end 1.85 0.95) (layer F.CrtYd) (width 0.05))
    (fp_line (start -1.85 -0.95) (end 1.85 -0.95) (layer F.CrtYd) (width 0.05))
    (fp_line (start -1.85 0.95) (end -1.85 -0.95) (layer F.CrtYd) (width 0.05))
    (fp_line (start -0.261252 0.71) (end 0.261252 0.71) (layer F.SilkS) (width 0.12))
    (fp_line (start -0.261252 -0.71) (end 0.261252 -0.71) (layer F.SilkS) (width 0.12))
    (fp_line (start 1 0.6) (end -1 0.6) (layer F.Fab) (width 0.1))
    (fp_line (start 1 -0.6) (end 1 0.6) (layer F.Fab) (width 0.1))
    (fp_line (start -1 -0.6) (end 1 -0.6) (layer F.Fab) (width 0.1))
    (fp_line (start -1 0.6) (end -1 -0.6) (layer F.Fab) (width 0.1))
    (pad 2 smd roundrect (at 1.025 0 180) (size 1.15 1.4) (layers F.Cu F.Paste F.Mask) (roundrect_rratio 0.217391)
      (net 1 GND))
    (pad 1 smd roundrect (at -1.025 0 180) (size 1.15 1.4) (layers F.Cu F.Paste F.Mask) (roundrect_rratio 0.217391)
      (net 5 "Net-(2Cadj1-Pad2)"))
    (model ${KISYS3DMOD}/Resistor_SMD.3dshapes/R_0805_2012Metric.wrl
      (at (xyz 0 0 0))
      (scale (xyz 1 1 1))
      (rotate (xyz 0 0 0))
    )
  )

  (module Resistor_SMD:R_0805_2012Metric_Pad1.15x1.40mm_HandSolder (layer F.Cu) (tedit 5CEF3ED4) (tstamp 5CFC064C)
    (at 87.79372 71.882 180)
    (descr "Resistor SMD 0805 (2012 Metric), square (rectangular) end terminal, IPC_7351 nominal with elongated pad for handsoldering. (Body size source: https://docs.google.com/spreadsheets/d/1BsfQQcO9C6DZCsRaXUlFlo91Tg2WpOkGARC1WS5S8t0/edit?usp=sharing), generated with kicad-footprint-generator")
    (tags "resistor handsolder")
    (path /5CEF4332)
    (attr smd)
    (fp_text reference 2R2 (at -2.295 0 270) (layer F.SilkS)
      (effects (font (size 0.5 0.5) (thickness 0.07)))
    )
    (fp_text value 316K (at 0 1.65 180) (layer F.Fab)
      (effects (font (size 1 1) (thickness 0.15)))
    )
    (fp_line (start -1 0.6) (end -1 -0.6) (layer F.Fab) (width 0.1))
    (fp_line (start -1 -0.6) (end 1 -0.6) (layer F.Fab) (width 0.1))
    (fp_line (start 1 -0.6) (end 1 0.6) (layer F.Fab) (width 0.1))
    (fp_line (start 1 0.6) (end -1 0.6) (layer F.Fab) (width 0.1))
    (fp_line (start -0.261252 -0.71) (end 0.261252 -0.71) (layer F.SilkS) (width 0.12))
    (fp_line (start -0.261252 0.71) (end 0.261252 0.71) (layer F.SilkS) (width 0.12))
    (fp_line (start -1.85 0.95) (end -1.85 -0.95) (layer F.CrtYd) (width 0.05))
    (fp_line (start -1.85 -0.95) (end 1.85 -0.95) (layer F.CrtYd) (width 0.05))
    (fp_line (start 1.85 -0.95) (end 1.85 0.95) (layer F.CrtYd) (width 0.05))
    (fp_line (start 1.85 0.95) (end -1.85 0.95) (layer F.CrtYd) (width 0.05))
    (fp_text user %R (at 0 0 180) (layer F.Fab)
      (effects (font (size 0.5 0.5) (thickness 0.08)))
    )
    (pad 1 smd roundrect (at -1.025 0 180) (size 1.15 1.4) (layers F.Cu F.Paste F.Mask) (roundrect_rratio 0.217391)
      (net 5 "Net-(2Cadj1-Pad2)"))
    (pad 2 smd roundrect (at 1.025 0 180) (size 1.15 1.4) (layers F.Cu F.Paste F.Mask) (roundrect_rratio 0.217391)
      (net 12 /-5V))
    (model ${KISYS3DMOD}/Resistor_SMD.3dshapes/R_0805_2012Metric.wrl
      (at (xyz 0 0 0))
      (scale (xyz 1 1 1))
      (rotate (xyz 0 0 0))
    )
  )

  (module Capacitor_SMD:C_0805_2012Metric_Pad1.15x1.40mm_HandSolder (layer F.Cu) (tedit 5CEF3907) (tstamp 5CFC065D)
    (at 81.19872 77.724 90)
    (descr "Capacitor SMD 0805 (2012 Metric), square (rectangular) end terminal, IPC_7351 nominal with elongated pad for handsoldering. (Body size source: https://docs.google.com/spreadsheets/d/1BsfQQcO9C6DZCsRaXUlFlo91Tg2WpOkGARC1WS5S8t0/edit?usp=sharing), generated with kicad-footprint-generator")
    (tags "capacitor handsolder")
    (path /5CEF1D78)
    (attr smd)
    (fp_text reference CFly1 (at 0 -1.44272 270) (layer F.SilkS)
      (effects (font (size 0.5 0.5) (thickness 0.08)))
    )
    (fp_text value 10uF (at 0 1.65 90) (layer F.Fab)
      (effects (font (size 1 1) (thickness 0.15)))
    )
    (fp_line (start -1 0.6) (end -1 -0.6) (layer F.Fab) (width 0.1))
    (fp_line (start -1 -0.6) (end 1 -0.6) (layer F.Fab) (width 0.1))
    (fp_line (start 1 -0.6) (end 1 0.6) (layer F.Fab) (width 0.1))
    (fp_line (start 1 0.6) (end -1 0.6) (layer F.Fab) (width 0.1))
    (fp_line (start -0.261252 -0.71) (end 0.261252 -0.71) (layer F.SilkS) (width 0.12))
    (fp_line (start -0.261252 0.71) (end 0.261252 0.71) (layer F.SilkS) (width 0.12))
    (fp_line (start -1.85 0.95) (end -1.85 -0.95) (layer F.CrtYd) (width 0.05))
    (fp_line (start -1.85 -0.95) (end 1.85 -0.95) (layer F.CrtYd) (width 0.05))
    (fp_line (start 1.85 -0.95) (end 1.85 0.95) (layer F.CrtYd) (width 0.05))
    (fp_line (start 1.85 0.95) (end -1.85 0.95) (layer F.CrtYd) (width 0.05))
    (fp_text user %R (at 0 0 90) (layer F.Fab)
      (effects (font (size 0.5 0.5) (thickness 0.08)))
    )
    (pad 1 smd roundrect (at -1.025 0 90) (size 1.15 1.4) (layers F.Cu F.Paste F.Mask) (roundrect_rratio 0.217391)
      (net 7 "Net-(CFly1-Pad1)"))
    (pad 2 smd roundrect (at 1.025 0 90) (size 1.15 1.4) (layers F.Cu F.Paste F.Mask) (roundrect_rratio 0.217391)
      (net 8 "Net-(CFly1-Pad2)"))
    (model ${KISYS3DMOD}/Capacitor_SMD.3dshapes/C_0805_2012Metric.wrl
      (at (xyz 0 0 0))
      (scale (xyz 1 1 1))
      (rotate (xyz 0 0 0))
    )
  )

  (module Kicad-New-Libraries:PJ-037A (layer F.Cu) (tedit 5CE9E9C0) (tstamp 5CFC318B)
    (at 74.79792 83.90128 90)
    (path /5CEF1971)
    (fp_text reference J1 (at 0 0.5 90) (layer F.SilkS)
      (effects (font (size 1 1) (thickness 0.15)))
    )
    (fp_text value Barrel_Jack (at 0 -0.5 90) (layer F.Fab)
      (effects (font (size 1 1) (thickness 0.15)))
    )
    (fp_line (start 14.077 4.1023) (end -0.973 4.1023) (layer Eco1.User) (width 0.05))
    (fp_line (start -0.673 3.8523) (end -0.673 2.0023) (layer F.SilkS) (width 0.127))
    (fp_line (start 14.077 -5.3977) (end 14.077 4.1023) (layer Eco1.User) (width 0.05))
    (fp_line (start -0.973 -5.3977) (end 14.077 -5.3977) (layer Eco1.User) (width 0.05))
    (fp_line (start -0.673 -3.1977) (end -0.673 -5.1477) (layer F.SilkS) (width 0.127))
    (fp_line (start 0.627 -2.3977) (end 0.627 1.1023) (layer Edge.Cuts) (width 0.0001))
    (fp_line (start 5.627 0.8523) (end 5.627 -2.1477) (layer Edge.Cuts) (width 0.0001))
    (fp_line (start -0.973 -2.8977) (end -1.423 -2.8977) (layer Eco1.User) (width 0.05))
    (fp_line (start -0.673 -5.1477) (end 13.827 -5.1477) (layer Eco2.User) (width 0.127))
    (fp_line (start -0.373 1.1023) (end -0.373 -2.3977) (layer Edge.Cuts) (width 0.0001))
    (fp_line (start -0.373 -2.3977) (end 0.627 -2.3977) (layer Edge.Cuts) (width 0.0001))
    (fp_line (start 13.827 -5.1477) (end 13.827 3.8523) (layer Eco2.User) (width 0.127))
    (fp_line (start -1.423 -2.8977) (end -1.423 1.7023) (layer Eco1.User) (width 0.05))
    (fp_line (start -0.673 -5.1477) (end 13.827 -5.1477) (layer F.SilkS) (width 0.127))
    (fp_line (start 13.827 -5.1477) (end 13.827 3.8523) (layer F.SilkS) (width 0.127))
    (fp_line (start 13.827 3.8523) (end -0.673 3.8523) (layer F.SilkS) (width 0.127))
    (fp_line (start 5.627 -2.1477) (end 6.627 -2.1477) (layer Edge.Cuts) (width 0.0001))
    (fp_circle (center -1.873 -0.6477) (end -1.673 -0.6477) (layer F.SilkS) (width 0.4))
    (fp_line (start -0.973 -2.8977) (end -0.973 -5.3977) (layer Eco1.User) (width 0.05))
    (fp_line (start -0.673 3.8523) (end -0.673 -5.1477) (layer Eco2.User) (width 0.127))
    (fp_line (start -0.973 4.1023) (end -0.973 1.7023) (layer Eco1.User) (width 0.05))
    (fp_line (start 6.627 -2.1477) (end 6.627 0.8523) (layer Edge.Cuts) (width 0.0001))
    (fp_line (start 6.627 0.8523) (end 5.627 0.8523) (layer Edge.Cuts) (width 0.0001))
    (fp_line (start 13.827 3.8523) (end -0.673 3.8523) (layer Eco2.User) (width 0.127))
    (fp_line (start -1.423 1.7023) (end -0.973 1.7023) (layer Eco1.User) (width 0.05))
    (fp_line (start 0.627 1.1023) (end -0.373 1.1023) (layer Edge.Cuts) (width 0.0001))
    (pad 1 thru_hole oval (at 0.127 -0.6477 180) (size 5 2.5) (drill oval 3.7 1.2) (layers *.Cu *.Mask)
      (net 9 +9V))
    (pad 2 thru_hole oval (at 6.127 -0.6477 180) (size 4.5 2.25) (drill oval 3.3 1.2) (layers *.Cu *.Mask)
      (net 1 GND))
  )

  (module Kicad-New-Libraries:SMA_Vertical_Connector (layer F.Cu) (tedit 5CEF40A2) (tstamp 5CFC0694)
    (at 97.45472 72.136)
    (descr https://www.amphenolrf.com/downloads/dl/file/id/3406/product/2975/132134_11_customer_drawing.pdf)
    (tags "SMA THT Female Jack Vertical ExtendedLegs")
    (path /5CEF27A3)
    (fp_text reference J2 (at 4.064 0 90) (layer F.SilkS)
      (effects (font (size 0.5 0.5) (thickness 0.07)))
    )
    (fp_text value -5V (at 0 5) (layer F.Fab)
      (effects (font (size 1 1) (thickness 0.15)))
    )
    (fp_text user %R (at 0 0) (layer F.Fab)
      (effects (font (size 1 1) (thickness 0.15)))
    )
    (fp_line (start -1.45 -3.355) (end 1.45 -3.355) (layer F.SilkS) (width 0.12))
    (fp_line (start -1.45 3.355) (end 1.45 3.355) (layer F.SilkS) (width 0.12))
    (fp_line (start 3.355 -1.45) (end 3.355 1.45) (layer F.SilkS) (width 0.12))
    (fp_line (start -3.355 -1.45) (end -3.355 1.45) (layer F.SilkS) (width 0.12))
    (fp_line (start 3.175 -3.175) (end 3.175 3.175) (layer F.Fab) (width 0.1))
    (fp_line (start -3.175 3.175) (end 3.175 3.175) (layer F.Fab) (width 0.1))
    (fp_line (start -3.175 -3.175) (end -3.175 3.175) (layer F.Fab) (width 0.1))
    (fp_line (start -3.175 -3.175) (end 3.175 -3.175) (layer F.Fab) (width 0.1))
    (fp_line (start -3.5 -3.5) (end 3.5 -3.5) (layer F.CrtYd) (width 0.05))
    (fp_line (start -3.5 -3.5) (end -3.5 3.5) (layer F.CrtYd) (width 0.05))
    (fp_line (start 3.5 3.5) (end 3.5 -3.5) (layer F.CrtYd) (width 0.05))
    (fp_line (start 3.5 3.5) (end -3.5 3.5) (layer F.CrtYd) (width 0.05))
    (fp_circle (center 0 0) (end 3.175 0) (layer F.Fab) (width 0.1))
    (pad 2 thru_hole circle (at -2.5 2.5) (size 1.8 1.8) (drill 1.3) (layers *.Cu *.Mask)
      (net 1 GND))
    (pad 2 thru_hole circle (at -2.5 -2.5) (size 1.8 1.8) (drill 1.3) (layers *.Cu *.Mask)
      (net 1 GND))
    (pad 2 thru_hole circle (at 2.5 -2.5) (size 1.8 1.8) (drill 1.3) (layers *.Cu *.Mask)
      (net 1 GND))
    (pad 2 thru_hole circle (at 2.5 2.5) (size 1.8 1.8) (drill 1.3) (layers *.Cu *.Mask)
      (net 1 GND))
    (pad 1 thru_hole circle (at 0 0) (size 2.05 2.05) (drill 1.5) (layers *.Cu *.Mask)
      (net 12 /-5V))
    (model ${KISYS3DMOD}/Connector_Coaxial.3dshapes/SMA_Amphenol_132134-11_Vertical.wrl
      (at (xyz 0 0 0))
      (scale (xyz 1 1 1))
      (rotate (xyz 0 0 0))
    )
  )

  (module Kicad-New-Libraries:SMA_Vertical_Connector (layer F.Cu) (tedit 5CEF4098) (tstamp 5CFC06AB)
    (at 97.45472 83.312)
    (descr https://www.amphenolrf.com/downloads/dl/file/id/3406/product/2975/132134_11_customer_drawing.pdf)
    (tags "SMA THT Female Jack Vertical ExtendedLegs")
    (path /5CEF24C3)
    (fp_text reference J3 (at 4.064 0.254 270) (layer F.SilkS)
      (effects (font (size 0.5 0.5) (thickness 0.07)))
    )
    (fp_text value +5V (at 0 5) (layer F.Fab)
      (effects (font (size 1 1) (thickness 0.15)))
    )
    (fp_circle (center 0 0) (end 3.175 0) (layer F.Fab) (width 0.1))
    (fp_line (start 3.5 3.5) (end -3.5 3.5) (layer F.CrtYd) (width 0.05))
    (fp_line (start 3.5 3.5) (end 3.5 -3.5) (layer F.CrtYd) (width 0.05))
    (fp_line (start -3.5 -3.5) (end -3.5 3.5) (layer F.CrtYd) (width 0.05))
    (fp_line (start -3.5 -3.5) (end 3.5 -3.5) (layer F.CrtYd) (width 0.05))
    (fp_line (start -3.175 -3.175) (end 3.175 -3.175) (layer F.Fab) (width 0.1))
    (fp_line (start -3.175 -3.175) (end -3.175 3.175) (layer F.Fab) (width 0.1))
    (fp_line (start -3.175 3.175) (end 3.175 3.175) (layer F.Fab) (width 0.1))
    (fp_line (start 3.175 -3.175) (end 3.175 3.175) (layer F.Fab) (width 0.1))
    (fp_line (start -3.355 -1.45) (end -3.355 1.45) (layer F.SilkS) (width 0.12))
    (fp_line (start 3.355 -1.45) (end 3.355 1.45) (layer F.SilkS) (width 0.12))
    (fp_line (start -1.45 3.355) (end 1.45 3.355) (layer F.SilkS) (width 0.12))
    (fp_line (start -1.45 -3.355) (end 1.45 -3.355) (layer F.SilkS) (width 0.12))
    (fp_text user %R (at 0 0) (layer F.Fab)
      (effects (font (size 1 1) (thickness 0.15)))
    )
    (pad 1 thru_hole circle (at 0 0) (size 2.05 2.05) (drill 1.5) (layers *.Cu *.Mask)
      (net 3 /+5V))
    (pad 2 thru_hole circle (at 2.5 2.5) (size 1.8 1.8) (drill 1.3) (layers *.Cu *.Mask)
      (net 1 GND))
    (pad 2 thru_hole circle (at 2.5 -2.5) (size 1.8 1.8) (drill 1.3) (layers *.Cu *.Mask)
      (net 1 GND))
    (pad 2 thru_hole circle (at -2.5 -2.5) (size 1.8 1.8) (drill 1.3) (layers *.Cu *.Mask)
      (net 1 GND))
    (pad 2 thru_hole circle (at -2.5 2.5) (size 1.8 1.8) (drill 1.3) (layers *.Cu *.Mask)
      (net 1 GND))
    (model ${KISYS3DMOD}/Connector_Coaxial.3dshapes/SMA_Amphenol_132134-11_Vertical.wrl
      (at (xyz 0 0 0))
      (scale (xyz 1 1 1))
      (rotate (xyz 0 0 0))
    )
  )

  (module Package_SO:MSOP-16-1EP_3x4mm_P0.5mm_EP1.65x2.85mm (layer F.Cu) (tedit 5CEF3D1E) (tstamp 5CFC06D7)
    (at 85.51672 77.47 270)
    (descr "10-Lead Plastic Micro Small Outline Package (MS) [MSOP] (see Microchip Packaging Specification 00000049BS.pdf)")
    (tags "SSOP 0.5")
    (path /5CEF14E4)
    (attr smd)
    (fp_text reference U1 (at 2.54 3.048 270) (layer F.SilkS)
      (effects (font (size 0.5 0.5) (thickness 0.07)))
    )
    (fp_text value LTC3260HMSE-PBF (at 0 3.5 270) (layer F.Fab)
      (effects (font (size 1 1) (thickness 0.15)))
    )
    (fp_line (start -0.5 -2) (end 1.5 -2) (layer F.Fab) (width 0.15))
    (fp_line (start 1.5 -2) (end 1.5 2) (layer F.Fab) (width 0.15))
    (fp_line (start 1.5 2) (end -1.5 2) (layer F.Fab) (width 0.15))
    (fp_line (start -1.5 2) (end -1.5 -1) (layer F.Fab) (width 0.15))
    (fp_line (start -1.5 -1) (end -0.5 -2) (layer F.Fab) (width 0.15))
    (fp_line (start -3.15 -2.6) (end -3.15 2.6) (layer F.CrtYd) (width 0.05))
    (fp_line (start 3.15 -2.6) (end 3.15 2.6) (layer F.CrtYd) (width 0.05))
    (fp_line (start -3.15 -2.6) (end 3.15 -2.6) (layer F.CrtYd) (width 0.05))
    (fp_line (start -3.15 2.6) (end 3.15 2.6) (layer F.CrtYd) (width 0.05))
    (fp_line (start -1.675 -2.425) (end -1.675 -2.2) (layer F.SilkS) (width 0.15))
    (fp_line (start 1.675 -2.425) (end 1.675 -2.125) (layer F.SilkS) (width 0.15))
    (fp_line (start 1.675 2.425) (end 1.675 2.125) (layer F.SilkS) (width 0.15))
    (fp_line (start -1.675 2.425) (end -1.675 2.125) (layer F.SilkS) (width 0.15))
    (fp_line (start -1.675 -2.425) (end 1.675 -2.425) (layer F.SilkS) (width 0.15))
    (fp_line (start -1.675 2.425) (end 1.675 2.425) (layer F.SilkS) (width 0.15))
    (fp_line (start -1.675 -2.2) (end -2.9 -2.2) (layer F.SilkS) (width 0.15))
    (fp_text user %R (at 0 0 270) (layer F.Fab)
      (effects (font (size 0.6 0.6) (thickness 0.09)))
    )
    (pad 1 smd rect (at -2.2 -1.75 270) (size 1.4 0.3) (layers F.Cu F.Paste F.Mask)
      (net 9 +9V))
    (pad 2 smd rect (at -2.2 -1.25 270) (size 1.4 0.3) (layers F.Cu F.Paste F.Mask)
      (net 1 GND))
    (pad 3 smd rect (at -2.2 -0.75 270) (size 1.4 0.3) (layers F.Cu F.Paste F.Mask)
      (net 6 "Net-(2CByp1-Pad1)"))
    (pad 4 smd rect (at -2.2 -0.25 270) (size 1.4 0.3) (layers F.Cu F.Paste F.Mask)
      (net 5 "Net-(2Cadj1-Pad2)"))
    (pad 5 smd rect (at -2.2 0.25 270) (size 1.4 0.3) (layers F.Cu F.Paste F.Mask)
      (net 12 /-5V))
    (pad 12 smd rect (at 2.2 0.25 270) (size 1.4 0.3) (layers F.Cu F.Paste F.Mask)
      (net 3 /+5V))
    (pad 13 smd rect (at 2.2 -0.25 270) (size 1.4 0.3) (layers F.Cu F.Paste F.Mask)
      (net 9 +9V))
    (pad 14 smd rect (at 2.2 -0.75 270) (size 1.4 0.3) (layers F.Cu F.Paste F.Mask)
      (net 1 GND))
    (pad 15 smd rect (at 2.2 -1.25 270) (size 1.4 0.3) (layers F.Cu F.Paste F.Mask)
      (net 4 "Net-(1R1-Pad2)"))
    (pad 16 smd rect (at 2.2 -1.75 270) (size 1.4 0.3) (layers F.Cu F.Paste F.Mask)
      (net 2 "Net-(1CByp1-Pad2)"))
    (pad 6 smd rect (at -2.2 0.75 270) (size 1.4 0.3) (layers F.Cu F.Paste F.Mask)
      (net 13 "Net-(2Creg1-Pad1)"))
    (pad 7 smd rect (at -2.2 1.25 270) (size 1.4 0.3) (layers F.Cu F.Paste F.Mask)
      (net 8 "Net-(CFly1-Pad2)"))
    (pad 8 smd rect (at -2.2 1.75 270) (size 1.4 0.3) (layers F.Cu F.Paste F.Mask)
      (net 10 "Net-(U1-Pad8)"))
    (pad 11 smd rect (at 2.2 0.75 270) (size 1.4 0.3) (layers F.Cu F.Paste F.Mask)
      (net 9 +9V))
    (pad 10 smd rect (at 2.2 1.25 270) (size 1.4 0.3) (layers F.Cu F.Paste F.Mask)
      (net 7 "Net-(CFly1-Pad1)"))
    (pad 9 smd rect (at 2.2 1.75 270) (size 1.4 0.3) (layers F.Cu F.Paste F.Mask)
      (net 11 "Net-(U1-Pad9)"))
    (pad 17 smd rect (at 0 0 270) (size 1.65 2.85) (layers F.Cu F.Mask)
      (net 1 GND))
    (pad "" smd rect (at 0.4125 -0.95 270) (size 0.66 0.75) (layers F.Paste))
    (pad "" smd rect (at -0.4125 -0.95 270) (size 0.66 0.75) (layers F.Paste))
    (pad "" smd rect (at -0.4125 0 270) (size 0.66 0.75) (layers F.Paste))
    (pad "" smd rect (at 0.4125 0 270) (size 0.66 0.75) (layers F.Paste))
    (pad "" smd rect (at -0.4125 0.95 270) (size 0.66 0.75) (layers F.Paste))
    (pad "" smd rect (at 0.4125 0.95 270) (size 0.66 0.75) (layers F.Paste))
    (model ${KISYS3DMOD}/Package_SO.3dshapes/MSOP-16-1EP_3x4mm_P0.5mm_EP1.65x2.85mm.wrl
      (at (xyz 0 0 0))
      (scale (xyz 1 1 1))
      (rotate (xyz 0 0 0))
    )
  )

  (module Capacitor_SMD:C_0805_2012Metric_Pad1.15x1.40mm_HandSolder (layer F.Cu) (tedit 5CEF40D7) (tstamp 5CFC24CC)
    (at 91.61272 84.845 90)
    (descr "Capacitor SMD 0805 (2012 Metric), square (rectangular) end terminal, IPC_7351 nominal with elongated pad for handsoldering. (Body size source: https://docs.google.com/spreadsheets/d/1BsfQQcO9C6DZCsRaXUlFlo91Tg2WpOkGARC1WS5S8t0/edit?usp=sharing), generated with kicad-footprint-generator")
    (tags "capacitor handsolder")
    (path /5CEF4D7A)
    (attr smd)
    (fp_text reference 1Cout2 (at -2.277 0.254 180) (layer F.SilkS)
      (effects (font (size 0.5 0.5) (thickness 0.07)))
    )
    (fp_text value 0.1uF (at 0 1.65 90) (layer F.Fab)
      (effects (font (size 1 1) (thickness 0.15)))
    )
    (fp_text user %R (at 0 0 90) (layer F.Fab)
      (effects (font (size 0.5 0.5) (thickness 0.08)))
    )
    (fp_line (start 1.85 0.95) (end -1.85 0.95) (layer F.CrtYd) (width 0.05))
    (fp_line (start 1.85 -0.95) (end 1.85 0.95) (layer F.CrtYd) (width 0.05))
    (fp_line (start -1.85 -0.95) (end 1.85 -0.95) (layer F.CrtYd) (width 0.05))
    (fp_line (start -1.85 0.95) (end -1.85 -0.95) (layer F.CrtYd) (width 0.05))
    (fp_line (start -0.261252 0.71) (end 0.261252 0.71) (layer F.SilkS) (width 0.12))
    (fp_line (start -0.261252 -0.71) (end 0.261252 -0.71) (layer F.SilkS) (width 0.12))
    (fp_line (start 1 0.6) (end -1 0.6) (layer F.Fab) (width 0.1))
    (fp_line (start 1 -0.6) (end 1 0.6) (layer F.Fab) (width 0.1))
    (fp_line (start -1 -0.6) (end 1 -0.6) (layer F.Fab) (width 0.1))
    (fp_line (start -1 0.6) (end -1 -0.6) (layer F.Fab) (width 0.1))
    (pad 2 smd roundrect (at 1.025 0 90) (size 1.15 1.4) (layers F.Cu F.Paste F.Mask) (roundrect_rratio 0.217391)
      (net 1 GND))
    (pad 1 smd roundrect (at -1.025 0 90) (size 1.15 1.4) (layers F.Cu F.Paste F.Mask) (roundrect_rratio 0.217391)
      (net 3 /+5V))
    (model ${KISYS3DMOD}/Capacitor_SMD.3dshapes/C_0805_2012Metric.wrl
      (at (xyz 0 0 0))
      (scale (xyz 1 1 1))
      (rotate (xyz 0 0 0))
    )
  )

  (module Capacitor_SMD:C_0805_2012Metric_Pad1.15x1.40mm_HandSolder (layer F.Cu) (tedit 5CEF40C9) (tstamp 5CFC23A9)
    (at 91.61272 70.857 90)
    (descr "Capacitor SMD 0805 (2012 Metric), square (rectangular) end terminal, IPC_7351 nominal with elongated pad for handsoldering. (Body size source: https://docs.google.com/spreadsheets/d/1BsfQQcO9C6DZCsRaXUlFlo91Tg2WpOkGARC1WS5S8t0/edit?usp=sharing), generated with kicad-footprint-generator")
    (tags "capacitor handsolder")
    (path /5CEF483C)
    (attr smd)
    (fp_text reference 2Cout2 (at 2.277 0.254 180) (layer F.SilkS)
      (effects (font (size 0.5 0.5) (thickness 0.07)))
    )
    (fp_text value 0.1uF (at 0 1.65 90) (layer F.Fab)
      (effects (font (size 1 1) (thickness 0.15)))
    )
    (fp_line (start -1 0.6) (end -1 -0.6) (layer F.Fab) (width 0.1))
    (fp_line (start -1 -0.6) (end 1 -0.6) (layer F.Fab) (width 0.1))
    (fp_line (start 1 -0.6) (end 1 0.6) (layer F.Fab) (width 0.1))
    (fp_line (start 1 0.6) (end -1 0.6) (layer F.Fab) (width 0.1))
    (fp_line (start -0.261252 -0.71) (end 0.261252 -0.71) (layer F.SilkS) (width 0.12))
    (fp_line (start -0.261252 0.71) (end 0.261252 0.71) (layer F.SilkS) (width 0.12))
    (fp_line (start -1.85 0.95) (end -1.85 -0.95) (layer F.CrtYd) (width 0.05))
    (fp_line (start -1.85 -0.95) (end 1.85 -0.95) (layer F.CrtYd) (width 0.05))
    (fp_line (start 1.85 -0.95) (end 1.85 0.95) (layer F.CrtYd) (width 0.05))
    (fp_line (start 1.85 0.95) (end -1.85 0.95) (layer F.CrtYd) (width 0.05))
    (fp_text user %R (at 0 0 90) (layer F.Fab)
      (effects (font (size 0.5 0.5) (thickness 0.08)))
    )
    (pad 1 smd roundrect (at -1.025 0 90) (size 1.15 1.4) (layers F.Cu F.Paste F.Mask) (roundrect_rratio 0.217391)
      (net 1 GND))
    (pad 2 smd roundrect (at 1.025 0 90) (size 1.15 1.4) (layers F.Cu F.Paste F.Mask) (roundrect_rratio 0.217391)
      (net 12 /-5V))
    (model ${KISYS3DMOD}/Capacitor_SMD.3dshapes/C_0805_2012Metric.wrl
      (at (xyz 0 0 0))
      (scale (xyz 1 1 1))
      (rotate (xyz 0 0 0))
    )
  )

  (module Capacitor_SMD:C_0805_2012Metric_Pad1.15x1.40mm_HandSolder (layer F.Cu) (tedit 5CEF48DB) (tstamp 5CFC34AD)
